55.52422 "START_RECORDING 100"
55.54046 "START_RECORDING 100"
55.55647 "START_RECORDING 100"
55.57299 "START_RECORDING 100"
55.58952 "START_RECORDING 100"
55.60696 "START_RECORDING 100"
55.62228 "START_RECORDING 100"
55.63925 "START_RECORDING 100"
55.65560 "START_RECORDING 100"
55.67151 "START_RECORDING 100"
55.68812 "START_RECORDING 100"
55.70440 "START_RECORDING 100"
55.72134 "START_RECORDING 100"
55.73728 "START_RECORDING 100"
55.75515 "START_RECORDING 100"
55.77061 "START_RECORDING 100"
55.78667 "START_RECORDING 100"
55.80545 "START_RECORDING 100"
55.81962 "START_RECORDING 100"
55.83745 "START_RECORDING 100"
55.86738 "START_RECORDING 100"
55.89756 "START_RECORDING 100"
55.92654 "START_RECORDING 100"
55.94712 "START_RECORDING 100"
55.95103 "START_RECORDING 100"
55.95403 "START_RECORDING 100"
55.96744 "START_RECORDING 100"
55.98384 "START_RECORDING 100"
56.01550 "START_RECORDING 100"
56.02417 "START_RECORDING 100"
56.03298 "START_RECORDING 100"
56.06845 "START_RECORDING 100"
56.08281 "START_RECORDING 100"
56.08512 "START_RECORDING 100"
56.10054 "START_RECORDING 100"
56.11515 "START_RECORDING 100"
56.13158 "START_RECORDING 100"
56.14968 "START_RECORDING 100"
56.16558 "START_RECORDING 100"
56.18102 "START_RECORDING 100"
56.20127 "START_RECORDING 100"
56.24327 "START_RECORDING 100"
56.26431 "START_RECORDING 100"
56.27213 "START_RECORDING 100"
56.33806 "START_RECORDING 100"
56.37426 "START_RECORDING 100"
56.38071 "START_RECORDING 100"
56.38401 "START_RECORDING 100"
56.38903 "START_RECORDING 100"
56.39435 "START_RECORDING 100"
56.40620 "START_RECORDING 100"
56.41592 "START_RECORDING 100"
56.48400 "START_RECORDING 100"
56.51471 "START_RECORDING 100"
56.55314 "START_RECORDING 100"
56.58315 "START_RECORDING 100"
56.58714 "START_RECORDING 100"
56.58879 "START_RECORDING 100"
56.59231 "START_RECORDING 100"
56.59617 "START_RECORDING 100"
56.59788 "START_RECORDING 100"
56.59980 "START_RECORDING 100"
56.60125 "START_RECORDING 100"
56.60291 "START_RECORDING 100"
56.60886 "START_RECORDING 100"
56.62456 "START_RECORDING 100"
56.64394 "START_RECORDING 100"
56.65934 "START_RECORDING 100"
56.6659 
57.3388 
57.34677 67
57.352 
57.36003 53
57.36270 53
57.3583 
57.36633 51
57.38027 51
57.3738 
57.38182 50
57.38329 50
57.3769 
57.38488 49
57.38675 49
57.39658 49
57.41353 49
57.4215 
57.42951 48
57.4379 
57.44594 45
57.46226 45
57.4723 
57.48030 44
57.49604 44
57.51593 44
57.55974 44
57.57209 44
57.57426 44
57.58945 44
57.59383 44
57.61015 44
57.62662 44
57.64322 44
57.65942 44
57.67597 44
57.69226 44
57.71000 44
57.72515 44
57.74356 44
57.75802 44
57.77454 44
57.79340 44
57.80731 44
57.82456 44
57.84116 44
57.85689 44
57.88303 44
57.88976 44
57.90664 44
57.92278 44
57.93926 44
57.95518 44
57.97552 44
57.98927 44
58.00444 44
58.02348 44
58.04037 44
58.05376 44
58.07014 44
58.08660 44
58.10317 44
58.11949 44
58.14133 44
58.15742 44
58.16899 44
58.18999 44
58.20395 44
58.21823 44
58.23467 44
58.25191 44
58.26738 44
58.28389 44
58.30182 44
58.31652 44
58.35312 44
58.35916 44
58.39642 44
58.40099 44
58.40266 44
58.41544 44
58.43478 44
58.44795 44
58.46451 44
58.48814 44
58.49805 44
58.51431 44
58.53379 44
58.54772 44
58.56536 44
58.57947 44
58.59608 44
58.61234 44
58.62878 44
58.64530 44
58.66512 44
58.68098 44
58.69450 44
58.72482 44
58.72904 44
58.74373 44
58.76010 44
58.77660 44
58.79309 44
58.80943 44
58.82600 44
58.84232 44
58.85874 44
58.87518 44
58.91619 44
58.92129 44
58.92849 44
58.95046 44
58.95908 44
58.97384 44
58.99419 44
59.00666 44
59.02313 44
59.03947 44
59.05595 44
59.07233 44
59.08886 44
59.10516 44
59.12164 44
59.14071 44
59.15505 44
59.17125 44
59.18810 44
59.20380 44
59.22045 44
59.23660 44
59.29792 44
59.31719 44
59.32851 44
59.36316 44
59.38232 44
59.39416 44
59.39808 44
59.40099 44
59.40454 44
59.40607 44
59.45198 44
59.46496 44
59.48962 44
59.50096 44
59.53216 44
59.53529 44
59.56407 44
59.57304 44
59.58842 44
59.60032 44
59.61383 44
59.62155 44
59.63091 44
59.63299 44
59.65117 44
59.66389 44
59.68018 44
59.70945 44
59.72712 44
59.73404 44
59.75314 44
59.76575 44
59.78096 44
59.79538 44
59.81167 44
59.82798 44
59.84475 44
59.86095 44
59.87987 44
59.89422 44
59.91015 44
59.92675 44
59.94722 44
59.96036 44
59.98237 44
59.99542 44
60.00923 44
60.02789 44
60.04183 44
60.05806 44
60.07444 44
60.09095 44
60.10731 44
60.12383 44
60.14020 44
60.15663 44
60.17302 44
60.18941 44
60.20596 44
60.24200 44
60.24517 44
60.26905 44
60.27786 44
60.28854 44
60.32655 44
60.33418 44
60.34330 44
60.36687 44
60.37143 44
60.38694 44
60.41133 44
60.42500 44
60.43903 44
60.45733 44
60.46869 44
60.48533 44
60.50168 44
60.51814 44
60.54043 44
60.55103 44
60.56739 44
60.58422 44
60.60028 44
60.61670 44
60.64029 44
60.65398 44
60.66791 44
60.68418 44
60.69881 44
60.71515 44
60.73777 44
60.74802 44
60.76455 44
60.78432 44
60.79936 44
60.81378 44
60.83015 44
60.84703 44
60.86315 44
60.87959 44
60.89597 44
60.91443 44
60.92883 44
60.94844 44
60.96232 44
60.97813 44
60.99458 44
61.01297 44
61.03272 44
61.06719 44
61.08540 44
61.10149 44
61.12011 44
61.14508 44
61.16428 44
61.18319 44
61.19212 44
61.21243 44
61.23096 44
61.24886 44
61.26485 44
61.27815 44
61.29219 44
61.30673 44
61.32301 44
61.33945 44
61.35606 44
61.37225 44
61.38881 44
61.40564 44
61.42205 44
61.43817 44
61.45453 44
61.47221 44
61.49290 44
61.50368 44
61.52071 44
61.53665 44
61.55297 44
61.57007 44
61.58649 44
61.60253 44
61.61965 44
61.63541 44
61.65170 44
61.67002 44
61.68454 44
61.70317 44
61.72367 44
61.73373 44
61.75700 44
61.76705 44
61.78310 44
61.79958 44
61.81917 44
61.83232 44
61.85632 44
61.86517 44
61.88172 44
61.90794 44
61.91586 44
62.00629 44
62.02342 44
62.0211 
62.02911 45
62.04478 45
62.05856 45
62.06276 45
62.06654 45
62.07100 45
62.08707 45
62.0872 
62.09522 44
62.11168 44
62.13292 44
62.15399 44
62.16203 44
62.18206 44
62.20018 44
62.24474 44
62.2514 
62.25943 45
62.28030 45
62.29661 45
62.30993 45
62.33089 45
62.34504 45
62.3681 
62.37608 44
62.3743 
62.38230 45
62.39204 45
62.4089 
62.41689 44
62.4163 
62.42427 45
62.44029 45
62.45850 45
62.4694 
62.47742 44
62.49055 44
62.51318 44
62.52294 44
62.5307 
62.53870 45
62.55942 45
62.57207 45
62.59909 45
62.60846 45
62.62098 45
62.63758 45
62.65942 45
62.67241 45
62.70613 45
62.71369 45
62.72646 45
62.76355 45
62.7645 
62.77254 44
62.79201 44
62.7875 
62.79552 45
62.80639 45
62.82156 45
62.8511 
62.85909 44
62.87007 44
62.8885 
62.89654 45
62.90825 45
62.91108 45
62.92570 45
62.93666 45
62.9415 
62.94955 44
62.9581 
62.96605 45
62.9797 
62.98767 44
62.99932 44
63.01914 44
63.04082 44
63.08882 44
63.09377 44
63.09801 44
63.0989 
63.10688 45
63.12376 45
63.13153 45
63.14705 45
63.1576 
63.16555 44
63.17955 44
63.19601 44
63.2058 
63.21381 45
63.22873 45
63.24516 45
63.26424 45
63.27812 45
63.29459 45
63.31253 45
63.33374 45
63.34761 45
63.36405 45
63.37672 45
63.39319 45
63.41441 45
63.42613 45
63.44297 45
63.45882 45
63.47518 45
63.49160 45
63.50816 45
63.52446 45
63.54094 45
63.55729 45
63.57371 45
63.59024 45
63.60660 45
63.62314 45
63.63948 45
63.65600 45
63.67257 45
63.68880 45
63.70526 45
63.72348 45
63.73800 45
63.75446 45
63.77242 45
63.78741 45
63.80386 45
63.82029 45
63.83669 45
63.85314 45
63.86946 45
63.88588 45
63.90231 45
63.92877 45
63.94351 45
63.95417 45
63.97281 45
63.98466 45
64.00094 45
64.01741 45
64.03437 45
64.05028 45
64.06682 45
64.08314 45
64.09953 45
64.11583 45
64.13235 45
64.14870 45
64.16515 45
64.18169 45
64.20007 45
64.21455 45
64.23102 45
64.24781 45
64.26385 45
64.28024 45
64.29666 45
64.31312 45
64.32941 45
64.34595 45
64.36234 45
64.37881 45
64.39523 45
64.41166 45
64.42808 45
64.44449 45
64.46091 45
64.47840 45
64.49377 45
64.51022 45
64.52693 45
64.54719 45
64.56166 45
64.58194 45
64.59236 45
64.60873 45
64.63419 45
64.64172 45
64.65826 45
64.67605 45
64.69096 45
64.70739 45
64.72386 45
64.74025 45
64.75669 45
64.77310 45
64.78940 45
64.80589 45
64.82246 45
64.83872 45
64.85533 45
64.87160 45
64.88814 45
64.90447 45
64.96312 45
64.97150 45
64.98685 45
65.01305 45
65.02528 45
65.05303 45
65.05645 45
65.07410 45
65.08987 45
65.10209 45
65.11811 45
65.13578 45
65.15089 45
65.16727 45
65.18455 45
65.20026 45
65.21713 45
65.23327 45
65.24979 45
65.26614 45
65.28312 45
65.29884 45
65.31820 45
65.33156 45
65.34927 45
65.36499 45
65.38083 45
65.39735 45
65.41383 45
65.43012 45
65.44659 45
65.46298 45
65.47943 45
65.49590 45
65.51239 45
65.52868 45
65.54513 45
65.56217 45
65.57825 45
65.60038 45
65.61083 45
65.62745 45
65.64374 45
65.66012 45
65.67657 45
65.69302 45
65.70956 45
65.72588 45
65.74535 45
65.75871 45
65.77513 45
65.79157 45
65.80820 45
65.82443 45
65.84749 45
65.85734 45
65.87398 45
65.89090 45
65.90660 45
65.92322 45
65.93946 45
65.95602 45
65.97225 45
65.98877 45
66.00521 45
66.02266 45
66.03844 45
66.05446 45
66.07090 45
66.08746 45
66.10384 45
66.13055 45
66.13670 45
66.15306 45
66.17075 45
66.18595 45
66.20273 45
66.21873 45
66.23513 45
66.25503 45
66.26871 45
66.28459 45
66.30106 45
66.31733 45
66.33376 45
66.35280 45
66.36677 45
66.38300 45
66.40002 45
66.41666 45
66.43250 45
66.44926 45
66.46597 45
66.48172 45
66.49872 45
66.51447 45
66.53117 45
66.54734 45
66.56380 45
66.58031 45
66.59663 45
66.61308 45
66.62950 45
66.64597 45
66.66224 45
66.67876 45
66.69524 45
66.71156 45
66.72801 45
66.74445 45
66.76095 45
66.77731 45
66.79371 45
66.81230 45
66.82735 45
66.84303 45
66.87528 45
66.87804 45
66.89233 45
66.91088 45
66.92514 45
66.94158 45
66.95821 45
66.97453 45
66.99089 45
67.00733 45
67.02383 45
67.04020 45
67.05656 45
67.07298 45
67.08945 45
67.10590 45
67.12239 45
67.13870 45
67.15693 45
67.17171 45
67.20770 45
67.20987 45
67.22901 45
67.24289 45
67.2469 
67.25486 44
67.27197 44
67.28669 44
67.2954 
67.30341 45
67.3116 
67.31957 44
67.328 
67.33597 45
67.35226 45
67.3607 
67.36874 44
67.3772 
67.38523 45
67.3936 
67.40161 44
67.42176 44
67.44338 44
67.45467 44
67.47086 44
67.4987 
67.50666 45
67.5003 
67.50831 44
67.51830 44
67.54293 44
67.55040 44
67.57948 44
67.59620 44
67.60465 44
67.63271 44
67.63966 44
67.65363 44
67.67558 44
67.69543 44
67.70435 44
67.73316 44
67.73634 44
67.74778 44
67.77429 44
67.79018 44
67.80231 44
67.84383 44
67.88262 44
67.88860 44
67.89141 44
67.89445 44
67.91094 44
67.96018 44
68.01279 44
68.02349 44
68.07152 44
68.07438 44
68.07732 44
68.08119 44
68.09845 44
68.11240 44
68.12461 44
68.14957 44
68.1497 
68.15765 17
68.17377 17
68.1833 
68.19129 -1
68.1987 
68.20665 500
68.215 
68.22300 500
68.2316 
68.23959 500
68.2481 
68.25607 500
68.2644 
68.27241 500
68.2808 
68.28878 500
68.2974 
68.30542 112
68.3187 
68.32674 9
68.3315 
68.33953 40
68.3466 
68.35458 38
68.3661 
68.37408 49
68.3793 
68.38730 17
68.3959 
68.40395 70
68.4131 
68.42114 34
68.4286 
68.43655 25
68.445 
68.45301 49
68.46960 49
68.48588 49
68.50248 49
68.512 
68.52001 69
68.5272 
68.53520 41
68.5436 
68.55160 40
68.56 
68.56799 29
68.5768 
68.58477 55
68.594 
68.60204 72
68.6093 
68.61726 81
68.626 
68.63401 60
68.6423 
68.65026 90
68.6586 
68.66656 55
68.675 
68.68305 59
68.6928 
68.70078 4
68.7079 
68.71585 89
68.7243 
68.73230 106
68.7408 
68.74882 73
68.76732 73
68.7737 
68.78169 55
68.7901 
68.79806 11
68.807 
68.81496 43
68.8229 
68.83092 42
68.8398 
68.84783 19
68.8558 
68.86384 80
68.875 
68.88303 13
68.8894 
68.89735 45
68.9051 
68.91308 17
68.9232 
68.93121 43
68.9381 
68.94609 38
68.9545 
68.96246 121
68.9708 
68.97884 60
68.9871 
68.99513 37
69.0038 
69.01176 10
69.0324 
69.04044 36
69.0459 
69.05390 56
69.053 
69.06097 12
69.0695 
69.07746 41
69.0859 
69.09387 72
69.1022 
69.11021 88
69.1186 
69.12658 61
69.1351 
69.14309 27
69.1523 
69.16030 9
69.168 
69.17598 65
69.1844 
69.19237 51
69.2011 
69.20906 101
69.2176 
69.22559 52
69.2336 
69.24161 23
69.2505 
69.25854 11
69.2666 
69.27460 112
69.2829 
69.29091 23
69.2993 
69.30733 -8
69.3157 
69.32372 19
69.35554 19
69.3512 
69.35916 35
69.40599 35
69.412 
69.41997 120
69.42731 120
69.4228 
69.43081 61
69.44680 61
69.4484 
69.45636 59
69.47171 59
69.4808 
69.48879 68
69.50449 68
69.5128 
69.52081 69
69.5297 
69.53765 53
69.5458 
69.55384 97
69.5623 
69.57027 33
69.5788 
69.58684 34
69.5951 
69.60310 -9
69.6114 
69.61944 32
69.6279 
69.63594 19
69.6444 
69.65239 -25
69.6607 
69.66873 13
69.6786 
69.68657 38
69.6936 
69.70155 41
69.7101 
69.71812 -12
69.7268 
69.73475 86
69.743 
69.75101 125
69.7593 
69.76727 51
69.7769 
69.78487 55
69.7922 
69.80019 53
69.81675 53
69.8271 
69.83507 40
69.8415 
69.84948 43
69.86589 43
69.8744 
69.88235 52
69.8908 
69.89875 54
69.9072 
69.91515 69
69.9236 
69.93163 24
69.9401 
69.94814 27
69.9565 
69.96447 12
69.973 
69.98096 48
69.9896 
69.99763 64
70.0058 
70.01376 32
70.0277 
70.03567 13
70.043 
70.05104 44
70.0555 
70.06352 35
70.077 
70.08500 28
70.0884 
70.09642 29
70.1046 
70.11261 34
70.125 
70.13297 38
70.1386 
70.14658 26
70.1537 
70.16171 60
70.1701 
70.17813 37
70.1864 
70.19444 42
70.21098 42
70.2193 
70.22728 61
70.2357 
70.24371 68
70.2522 
70.26020 60
70.2686 
70.27660 42
70.2879 
70.29587 44
70.3021 
70.31007 50
70.318 
70.32603 53
70.34357 53
70.3508 
70.35875 58
70.3672 
70.37521 20
70.3857 
70.39371 77
70.4 
70.40804 49
70.4164 
70.42442 24
70.4372 
70.44518 28
70.4494 
70.45735 27
70.47378 27
70.4962 
70.50424 19
70.4991 
70.50712 129
70.515 
70.52302 109
70.5316 
70.53957 96
70.5479 
70.55591 49
70.57333 49
70.58913 49
70.5972 
70.60522 93
70.6214 
70.62936 132
70.6302 
70.63819 11
70.6472 
70.65520 87
70.663 
70.67098 -23
70.6794 
70.68741 -4
70.6958 
70.70376 7
70.7133 
70.72130 12
70.7286 
70.73660 36
70.745 
70.75301 52
70.7616 
70.76959 65
70.7779 
70.78591 38
70.7943 
70.80231 40
70.81886 40
70.8272 
70.83521 28
70.8438 
70.85178 68
70.8613 
70.86934 19
70.8766 
70.88461 5
70.8975 
70.90551 50
70.9096 
70.91763 35
70.932 
70.94002 7
70.9598 
70.96778 -5
70.9627 
70.97074 50
70.98445 50
70.9932 
71.00116 136
71.0086 
71.01659 96
71.0251 
71.03313 92
71.0452 
71.05322 70
71.0572 
71.06517 65
71.0736 
71.08160 149
71.0901 
71.09811 500
71.1067 
71.11472 -39
71.1283 
71.13628 -182
71.14 
71.14801 -136
71.1559 
71.16386 -83
71.1727 
71.18065 -60
71.1886 
71.19662 3
71.2051 
71.21307 26
71.2223 
71.23026 22
71.2381 
71.24606 23
71.2544 
71.26238 66
71.2712 
71.27922 86
71.2874 
71.29541 57
71.31326 57
71.32930 57
71.3378 
71.34581 70
71.3585 
71.36650 81
71.37943 81
71.3863 
71.39425 134
71.4055 
71.41351 104
71.4187 
71.42673 76
71.4352 
71.44316 61
71.4514 
71.45941 82
71.4679 
71.47591 18
71.4843 
71.49234 51
71.5007 
71.50870 106
71.5174 
71.52537 80
71.5336 
71.54160 41
71.5726 
71.58057 28
71.5755 
71.58346 9
71.59711 9
71.6044 
71.61241 37
71.6177 
71.62569 44
71.6322 
71.64021 21
71.655 
71.66296 52
71.6651 
71.67306 41
71.6815 
71.68947 66
71.6982 
71.70622 98
71.7144 
71.72235 67
71.7315 
71.73946 8
71.75513 8
71.7636 
71.77160 23
71.78 
71.78802 20
71.7965 
71.80446 11
71.82126 11
71.8293 
71.83731 -8
71.8459 
71.85394 17
71.8621 
71.87014 50
71.8791 
71.88707 37
71.895 
71.90302 16
71.9126 
71.92065 54
71.9299 
71.93790 27
71.9443 
71.95230 75
71.9608 
71.96877 -4
71.9772 
71.98519 19
72.00163 19
72.01802 19
72.0281 
72.03606 48
72.0431 
72.05109 61
72.06734 61
72.076 
72.08397 74
72.0921 
72.10014 85
72.1086 
72.11662 54
72.125 
72.13299 1
72.1415 
72.14948 54
72.1579 
72.16591 26
72.1744 
72.18241 50
72.1908 
72.19878 49
72.2073 
72.21529 72
72.2236 
72.23163 49
72.24 
72.24804 12
72.2566 
72.26463 19
72.2731 
72.28109 26
72.2893 
72.29733 36
72.3059 
72.31391 0
72.33040 0
72.3389 
72.34689 28
72.3567 
72.36465 89
72.3719 
72.37990 80
72.3901 
72.39809 71
72.41228 71
72.4207 
72.42875 64
72.4371 
72.44514 67
72.46273 67
72.4714 
72.47936 128
72.4888 
72.49680 119
72.5034 
72.51139 120
72.5203 
72.52825 500
72.538 
72.54601 -49
72.5539 
72.56187 -161
72.5721 
72.58006 -236
72.5863 
72.59433 -267
72.6017 
72.60965 -194
72.618 
72.62603 -84
72.6411 
72.64906 -106
72.6507 
72.65874 -5
72.6875 
72.69550 -45
72.6902 
72.69823 28
72.7001 
72.70808 56
72.7164 
72.72440 97
72.7331 
72.74110 83
72.75742 83
72.7661 
72.77412 106
72.7823 
72.79033 118
72.7986 
72.80663 108
72.815 
72.82305 140
72.84021 140
72.848 
72.85600 97
72.877 
72.88502 71
72.8808 
72.88876 73
72.8974 
72.90540 76
72.9136 
72.92159 55
72.9301 
72.93811 44
72.9467 
72.95466 83
72.9631 
72.97105 11
72.9793 
72.98732 64
72.9958 
73.00376 71
73.0122 
73.02018 57
73.0287 
73.03670 53
73.0453 
73.05330 42
73.0616 
73.06956 59
73.0779 
73.08587 106
73.0974 
73.10537 55
73.1108 
73.11877 39
73.1272 
73.13521 21
73.15164 21
73.1603 
73.16834 72
73.1765 
73.18446 42
73.1932 
73.20124 36
73.2093 
73.21732 76
73.2259 
73.23390 35
73.2421 
73.25014 29
73.2586 
73.26659 39
73.2751 
73.28313 0
73.29958 0
73.3087 
73.31672 -2
73.3245 
73.33252 56
73.34893 56
73.36535 56
73.3801 
73.38813 61
73.3907 
73.39874 45
73.4064 
73.41444 37
73.425 
73.43303 34
73.4393 
73.44730 20
73.4558 
73.46375 58
73.4728 
73.48075 65
73.49656 65
73.505 
73.51302 73
73.5215 
73.52945 67
73.5384 
73.54638 66
73.5545 
73.56253 65
73.5709 
73.57887 17
73.5872 
73.59520 36
73.6038 
73.61175 92
73.6204 
73.62840 23
73.6366 
73.64459 2
73.6531 
73.66112 29
73.67747 29
73.6868 
73.69476 44
73.7111 
73.71912 56
73.7194 
73.72736 49
73.7407 
73.74873 35
73.7541 
73.76208 17
73.7702 
73.77818 38
73.7896 
73.79760 39
73.8037 
73.81169 51
73.82741 51
73.84491 51
73.8533 
73.86126 71
73.8693 
73.87732 11
73.8829 
73.89090 64
73.8993 
73.90729 96
73.9208 
73.92879 45
74.0328 
74.04078 37
74.0539 
74.06194 24
74.06846 24
74.0638 
74.07177 2
74.081 
74.08904 49
74.0988 
74.10682 23
74.1132 
74.12117 12
74.1307 
74.13866 11
74.1458 
74.15376 59
74.1623 
74.17034 82
74.1786 
74.18664 25
74.1965 
74.20450 101
74.2114 
74.21942 112
74.2281 
74.23605 80
74.2443 
74.25233 55
74.2609 
74.26885 81
74.2772 
74.28522 135
74.2937 
74.30167 80
74.3101 
74.31808 51
74.33458 51
74.35250 51
74.36748 51
74.38496 51
74.40015 51
74.41663 51
74.43307 51
74.44949 51
74.46606 51
74.48248 51
74.49876 51
74.51545 51
74.53159 51
74.54805 51
74.56456 51
74.58089 51
74.59733 51
74.61380 51
74.63053 51
74.64676 51
74.66437 51
74.67967 51
74.69620 51
74.71395 51
74.72869 51
74.74523 51
74.76160 51
74.77814 51
74.79455 51
74.81691 51
74.82902 51
74.86516 51
74.86769 51
74.88177 51
74.89417 51
74.91081 51
74.92669 51
74.94418 51
74.95932 51
74.97598 51
74.99480 51
75.00869 51
75.02531 51
75.04125 51
75.05734 51
75.07378 51
75.09593 51
75.10703 51
75.12305 51
75.13950 51
75.15591 51
75.17235 51
75.1809 
75.18885 17
75.1972 
75.20519 -22
75.2138 
75.22178 11
75.23 
75.23800 44
75.2466 
75.25458 12
75.263 
75.27099 7
75.2794 
75.28744 3
75.2958 
75.30376 500
75.3123 
75.32034 500
75.3286 
75.33662 85
75.3451 
75.35309 -377
75.3616 
75.36964 -346
75.38601 -346
75.40258 -346
75.42243 -346
75.4273 
75.43533 -37
75.4452 
75.45316 53
75.4601 
75.46807 500
75.4765 
75.48453 132
75.4931 
75.50111 54
75.5101 
75.51810 113
75.5258 
75.53375 123
75.5426 
75.55056 128
75.5587 
75.56665 85
75.5751 
75.58307 18
75.5915 
75.59949 19
75.608 
75.61595 40
75.6244 
75.63235 55
75.64940 55
75.6573 
75.66525 58
75.68174 58
75.6901 
75.69810 34
75.7065 
75.71451 72
75.7228 
75.73082 81
75.7393 
75.74729 28
75.7558 
75.76377 39
75.7721 
75.78011 50
75.7953 
75.80335 -2
75.8051 
75.81307 85
75.8225 
75.83049 49
75.838 
75.84604 65
75.8544 
75.86237 43
75.8707 
75.87870 -17
75.8876 
75.89560 40
75.9037 
75.91170 118
75.9977 
76.00568 73
76.0287 
76.03670 43
76.0539 
76.06186 65
76.0605 
76.06850 50
76.08443 50
76.08951 50
76.11872 50
76.13300 50
76.14391 50
76.14968 50
76.15384 50
76.15858 50
76.16086 50
76.16317 50
76.17146 50
76.17841 50
76.19308 50
76.21381 50
76.22572 50
76.24226 50
76.25688 50
76.27325 50
76.28966 50
76.30708 50
76.32240 50
76.33993 50
76.35534 50
76.37167 50
76.38809 50
76.41027 50
76.42097 50
76.44591 50
76.45377 50
76.47021 50
76.48669 50
76.50315 50
76.51952 50
76.53647 50
76.55224 50
76.56876 50
76.58802 50
76.60169 50
76.61799 50
76.63461 50
76.65095 50
76.66736 50
76.68388 50
76.70020 50
76.71663 50
76.73309 50
76.74960 50
76.76649 50
76.78512 50
76.7907 
76.79874 38
76.8073 
76.81533 16
76.8236 
76.83160 27
76.8401 
76.84812 90
76.8565 
76.86450 57
76.8729 
76.88093 65
76.8893 
76.89733 36
76.9057 
76.91375 16
76.9222 
76.93021 -30
76.9388 
76.94678 12
77.0457 
77.05370 84
77.0608 
77.06884 90
77.1731 
77.18109 121
77.1837 
77.19165 82
77.20222 82
77.1974 
77.20540 122
77.21333 122
77.22077 122
77.22747 122
77.23056 122
77.24294 122
77.25893 122
77.27571 122
77.2839 
77.29194 67
77.3002 
77.30816 109
77.317 
77.32498 500
77.3334 
77.34138 68
77.3507 
77.35865 -55
77.3669 
77.37487 -124
77.3825 
77.39050 -35
77.4 
77.40798 -25
77.4151 
77.42307 67
77.4333 
77.44134 64
77.4484 
77.45639 74
77.4675 
77.47554 55
77.4829 
77.49088 52
77.4979 
77.50591 75
77.5224 
77.53041 124
77.5336 
77.54163 108
77.558 
77.56604 76
77.5639 
77.57185 86
77.58743 86
77.5958 
77.60378 76
77.6123 
77.62032 44
77.6287 
77.63665 500
77.645 
77.65303 116
77.6615 
77.66950 -371
77.6779 
77.68594 -338
77.6943 
77.70229 -122
77.7108 
77.71878 27
77.7272 
77.73518 70
77.7439 
77.75191 119
77.7601 
77.76809 102
77.7765 
77.78454 48
77.80114 48
77.8179 
77.82593 65
77.8262 
77.83420 92
77.843 
77.85103 88
77.8587 
77.86669 59
77.8751 
77.88309 85
77.892 
77.90000 36
77.9081 
77.91605 68
77.9243 
77.93232 32
77.9413 
77.94935 133
77.9572 
77.96516 103
77.9737 
77.98169 3
77.99808 3
78.0065 
78.01450 18
78.0232 
78.03120 70
78.0413 
78.04929 41
78.0558 
78.06377 64
78.08038 64
78.09906 64
78.11320 64
78.13591 64
78.14661 64
78.16866 64
78.17963 64
78.19528 64
78.21175 64
78.22842 64
78.24457 64
78.26308 64
78.28779 64
78.29385 64
78.31733 64
78.32687 64
78.34309 64
78.35947 64
78.37605 64
78.39233 64
78.40876 64
78.42679 64
78.44161 64
78.46050 64
78.47445 64
78.49093 64
78.50755 64
78.52425 64
78.54086 64
78.55803 64
78.57381 64
78.59054 64
78.60816 64
78.62311 64
78.63955 64
78.65865 64
78.67199 64
78.68833 64
78.70980 64
78.72100 64
78.74052 64
78.7457 
78.75371 53
78.7623 
78.77026 45
78.78668 45
78.7952 
78.80318 81
78.8117 
78.81965 42
78.828 
78.83604 -5
78.8443 
78.85229 4
78.8608 
78.86879 -1
78.8771 
78.88513 55
78.8937 
78.90173 52
78.9101 
78.91808 73
78.9288 
78.93679 -7
78.943 
78.95095 34
78.9594 
78.96735 55
78.98986 55
78.9929 
79.00085 92
79.0086 
79.01662 500
79.0325 
79.04047 89
79.0429 
79.05090 59
79.069 
79.07704 34
79.0744 
79.08240 74
79.0908 
79.09882 66
79.1073 
79.11530 42
79.1238 
79.13182 44
79.1402 
79.14817 112
79.1567 
79.16468 7
79.176 
79.18398 18
79.1895 
79.19746 6
79.2065 
79.21449 64
79.2227 
79.23070 500
79.2388 
79.24677 500
79.2655 
79.27345 500
79.2716 
79.27959 -91
79.3046 
79.31263 -279
79.3075 
79.31551 -233
79.33201 -233
79.41693 -233
79.43548 -233
79.46141 -233
79.46727 -233
79.47252 -233
79.47803 -233
79.48277 -233
79.48581 -233
79.49325 -233
79.51219 -233
79.55279 -233
79.56976 -233
79.57872 -233
79.58250 -233
79.61977 -233
79.62610 -233
79.64322 -233
79.64712 -233
79.66103 -233
79.73830 -233
79.7811 
79.78905 -101
79.8433 
79.85126 32
79.88895 32
79.8934 
79.90137 101
79.9713 
79.97927 67
80.423 
80.43095 51
80.6072 
80.61517 87
80.6732 
80.68124 117
80.7747 
80.78267 500
80.8543 
80.86230 500
80.8873 
80.89532 500
80.92591 500
80.96764 500
80.9667 
80.97467 -142
80.9857 
80.99374 -177
80.99792 -177
81.0224 
81.03043 -387
81.0546 
81.06255 -473
81.10381 -473
81.1193 
81.12727 -485
81.1243 
81.13232 -465
81.15824 -465
81.16302 -465
81.17476 -465
81.17810 -465
81.18135 -465
81.20036 -465
81.21026 -465
81.21362 -465
81.24118 -465
81.24668 -465
81.29822 -465
81.30140 -465
81.32872 -465
81.35105 -465
81.35646 -465
81.36350 -465
81.39563 -465
81.42058 -465
81.42360 -465
81.42538 -465
81.56839 -465
81.66386 -465
81.67833 -465
81.68964 -465
81.69303 -465
81.69592 -465
81.71017 -465
81.71706 -465
81.72132 -465
81.72321 -465
81.72500 -465
81.72746 -465
81.75610 -465
81.76065 -465
81.78523 -465
81.79599 -465
81.81285 -465
81.82608 -465
81.84973 -465
81.85889 -465
81.87579 -465
81.89169 -465
81.90833 -465
81.92463 -465
81.94100 -465
81.95743 -465
81.98103 -465
82.01398 -465
82.01690 -465
82.02351 -465
82.04543 -465
82.06749 -465
82.07402 -465
82.08929 -465
82.10521 -465
82.12172 -465
82.14832 -465
82.15474 -465
82.17741 -465
82.18904 -465
82.20927 -465
82.22063 -465
82.23786 -465
82.25348 -465
82.27467 -465
82.28658 -465
82.30410 -465
82.32029 -465
82.33536 -465
82.35790 -465
82.36821 -465
82.38464 -465
82.40939 -465
82.41743 -465
82.44075 -465
82.45528 -465
82.46700 -465
82.48315 -465
82.50134 -465
82.51592 -465
82.53417 -465
82.54877 -465
82.56530 -465
82.59290 -465
82.60124 -465
82.61456 -465
82.63689 -465
82.64741 -465
82.66397 -465
82.68034 -465
82.69684 -465
82.71314 -465
82.7216 
82.72963 -314
82.738 
82.74603 -97
82.7545 
82.76249 7
82.7709 
82.77888 500
82.7872 
82.79517 500
82.8066 
82.81458 135
82.8203 
82.82828 130
82.8366 
82.84457 72
82.8532 
82.86118 60
82.8694 
82.87740 115
82.8858 
82.89381 96
82.9024 
82.91037 55
82.9188 
82.92677 3
82.9352 
82.94317 59
82.9519 
82.95990 99
82.968 
82.97604 121
82.99244 121
83.02174 121
83.02537 121
83.04218 121
83.06152 121
83.07520 121
83.10979 121
83.14959 121
83.16290 121
83.16695 121
83.17667 121
83.18190 121
83.19464 121
83.20667 121
83.22239 121
83.23882 121
83.25585 121
83.27168 121
83.28809 121
83.30459 121
83.32096 121
83.33747 121
83.35396 121
83.37038 121
83.38676 121
83.40308 121
83.41969 121
83.43605 121
83.45271 121
83.46893 121
83.48570 121
83.50187 121
83.51825 121
83.53564 121
83.55192 121
83.56750 121
83.58401 121
83.60327 121
83.61667 121
83.63665 121
83.6416 
83.64964 135
83.6581 
83.66608 74
83.6745 
83.68248 76
83.6909 
83.69888 27
83.7074 
83.71539 57
83.7237 
83.73170 43
83.7402 
83.74823 23
83.7646 
83.77264 44
83.773 
83.78105 97
83.7894 
83.79738 88
83.806 
83.81398 67
83.8222 
83.83021 4
83.8387 
83.84665 20
83.8551 
83.86310 2
83.8717 
83.87968 83
83.89610 83
83.91268 83
83.93831 83
83.94790 83
83.96481 83
83.98660 83
83.99463 83
84.01438 83
84.02740 83
84.04388 83
84.06248 83
84.07672 83
84.09318 83
84.10963 83
84.12611 83
84.15086 83
84.17127 83
84.17781 83
84.19176 83
84.21015 83
84.27187 83
84.30869 83
84.32663 83
84.35497 83
84.38989 83
84.39580 83
84.39969 83
84.40474 83
84.40749 83
84.44311 83
84.44848 83
84.45690 83
84.49578 83
84.49966 83
84.50514 83
84.53667 83
84.53986 83
84.55318 83
84.56966 83
84.58631 83
84.60252 83
84.61939 83
84.63564 83
84.65256 83
84.66837 83
84.6769 
84.68488 72
84.6939 
84.70191 51
84.7101 
84.71815 21
84.7268 
84.73485 50
84.7425 
84.75051 36
84.7601 
84.76814 128
84.7753 
84.78326 45
84.7935 
84.80151 32
84.808 
84.81602 53
84.8245 
84.83250 91
84.8408 
84.84880 55
84.8579 
84.86593 90
84.8738 
84.88177 45
84.8908 
84.89884 33
84.91452 33
84.93336 33
84.9445 
84.95246 53
84.9559 
84.96391 61
84.9723 
84.98033 102
84.9914 
84.99940 86
85.0051 
85.01313 25
85.0216 
85.02958 2
85.0387 
85.04671 -23
85.0545 
85.06247 38
85.0716 
85.07959 500
85.0872 
85.09520 500
85.1038 
85.11178 500
85.1208 
85.12880 -166
85.1365 
85.14445 -97
85.1529 
85.16093 -51
85.1697 
85.17766 52
85.1861 
85.19405 89
85.2023 
85.21027 71
85.2217 
85.22968 57
85.24319 57
85.2522 
85.26019 68
85.2692 
85.27720 36
85.2844 
85.29242 37
85.3008 
85.30884 61
85.3196 
85.32758 120
85.3336 
85.34162 117
85.3501 
85.35815 76
85.3666 
85.37459 67
85.383 
85.39103 76
85.3995 
85.40750 66
85.421 
85.42899 91
85.4328 
85.44079 500
85.46918 500
85.4721 
85.48006 500
85.4819 
85.48988 148
85.5021 
85.51012 85
85.5148 
85.52283 122
85.5308 
85.53883 120
85.5472 
85.55524 92
85.5637 
85.57172 -11
85.5807 
85.58865 55
85.5971 
85.60510 33
85.62270 33
85.6295 
85.63752 91
85.6463 
85.65434 43
85.6624 
85.67038 39
85.6787 
85.68665 17
85.697 
85.70500 71
85.7116 
85.71955 500
85.7279 
85.73589 500
85.7444 
85.75244 -197
85.7609 
85.76888 -257
85.7773 
85.78534 -247
85.7937 
85.80170 -158
85.8101 
85.81812 -105
85.8265 
85.83446 -92
85.843 
85.85103 -99
85.8594 
85.86739 -27
85.8775 
85.88554 32
85.8924 
85.90043 1
85.9087 
85.91671 43
85.9263 
85.93425 72
85.9416 
85.94962 82
85.958 
85.96604 89
85.9748 
85.98275 93
86.0047 
86.01274 97
86.0317 
86.03970 21
86.0485 
86.05653 59
86.0565 
86.06454 113
86.0731 
86.08109 136
86.0894 
86.09739 29
86.12747 29
86.1259 
86.13390 116
86.1428 
86.15081 144
86.1564 
86.16441 86
86.1716 
86.17962 80
86.188 
86.19595 67
86.2045 
86.21250 -30
86.2209 
86.22893 148
86.2372 
86.24521 58
86.2538 
86.26178 59
86.2701 
86.27809 -65
86.2867 
86.29466 -51
86.303 
86.31097 500
86.3194 
86.32738 106
86.3358 
86.34382 84
86.36028 84
86.3688 
86.37679 40
86.3868 
86.39475 53
86.402 
86.40997 25
86.4181 
86.42609 -54
86.4351 
86.44309 -34
86.4508 
86.45883 -87
86.47525 -87
86.4869 
86.49490 -52
86.5003 
86.50826 8
86.538 
86.54595 500
86.549 
86.55701 500
86.56429 500
86.57515 500
86.59702 500
86.60843 500
86.62326 500
86.64332 500
86.6484 
86.65644 500
86.6646 
86.67262 500
86.6811 
86.68906 500
86.6973 
86.70531 83
86.7178 
86.72578 124
86.7302 
86.73819 114
86.7466 
86.75462 42
86.7631 
86.77113 4
86.7795 
86.78746 124
86.796 
86.80396 5
86.8132 
86.82120 -1
86.8288 
86.83684 500
86.8452 
86.85320 500
86.8623 
86.87034 -33
86.878 
86.88599 -107
86.8945 
86.90252 -113
86.9114 
86.91936 -53
86.9274 
86.93539 40
86.9437 
86.95171 -38
86.9603 
86.96834 123
86.9767 
86.98470 20
86.9944 
87.00237 -71
87.0095 
87.01749 -60
87.0277 
87.03567 -102
87.05428 -102
87.06728 -102
87.08368 -102
87.10165 -102
87.11677 -102
87.1497 
87.15775 -60
87.1543 
87.16225 -87
87.17725 -87
87.1749 
87.18288 17
87.1961 
87.20409 -120
87.2116 
87.21956 13
87.2288 
87.23679 8
87.2417 
87.24968 65
87.2573 
87.26533 19
87.2727 
87.28072 500
87.2888 
87.29676 102
87.3054 
87.31342 500
87.3217 
87.32969 500
87.3463 
87.35430 51
87.363 
87.37103 500
87.3874 
87.39544 131
87.3937 
87.40166 3
87.41865 3
87.434 
87.44197 80
87.4417 
87.44969 -55
87.453 
87.46101 114
87.4752 
87.48323 4
87.487 
87.49498 -51
87.5042 
87.51224 43
87.5285 
87.53647 77
87.5375 
87.54552 500
87.5516 
87.55963 119
87.568 
87.57603 56
87.5845 
87.59252 131
87.6021 
87.61005 500
87.6183 
87.62630 500
87.6494 
87.65738 56
87.6547 
87.66268 2
87.67691 2
87.6887 
87.69672 81
87.6994 
87.70737 128
87.7173 
87.72527 500
87.7338 
87.74179 500
87.7497 
87.75770 500
87.77322 500
87.78971 500
87.81051 500
87.8161 
87.82411 500
87.8318 
87.83977 500
87.8474 
87.85539 -21
87.8638 
87.87185 -75
87.8803 
87.88826 -169
87.897 
87.90501 -218
87.9131 
87.92109 -133
87.9366 
87.94457 -35
87.946 
87.95395 33
87.9623 
87.97029 -53
87.993 
88.00102 84
87.9975 
88.00546 106
88.0133 
88.02129 90
88.029 
88.03700 132
88.0457 
88.05375 9
88.0771 
88.08512 -21
88.0816 
88.08958 -3
88.10180 -3
88.1101 
88.11812 118
88.1344 
88.14243 89
88.1431 
88.15108 87
88.1595 
88.16751 -9
88.1759 
88.18394 -43
88.1997 
88.20771 49
88.2093 
88.21731 58
88.2262 
88.23422 54
88.2417 
88.24968 -7
88.27503 -7
88.28266 -7
88.30267 -7
88.32683 -7
88.3246 
88.33256 35
88.35775 35
88.3655 
88.37350 -12
88.3755 
88.38352 86
88.3911 
88.39905 89
88.4116 
88.41959 10
88.4267 
88.43468 52
88.4417 
88.44968 58
88.4596 
88.46762 65
88.4718 
88.47980 84
88.488 
88.49599 -9
88.5079 
88.51588 32
88.5211 
88.52905 50
88.5375 
88.54551 101
88.5594 
88.56740 24
88.5706 
88.57862 -25
88.5945 
88.60253 6
88.6184 
88.62641 -2
88.621 
88.62903 43
88.636 
88.64404 134
88.6524 
88.66037 500
88.669 
88.67696 500
88.6852 
88.69322 500
88.7019 
88.70992 84
88.7195 
88.72755 58
88.7633 
88.77132 3
88.7911 
88.79914 -139
88.8059 
88.81387 -49
88.8213 
88.82928 -99
88.83540 -99
88.84209 -99
88.84560 -99
88.86005 -99
88.87598 -99
88.90325 -99
88.899 
88.90701 9
88.9154 
88.92335 -12
88.935 
88.94302 -34
88.9481 
88.95608 2
88.9658 
88.97376 -38
88.9808 
88.98881 -102
89.0866 
89.09464 -29
89.1174 
89.12541 4
89.1262 
89.13418 77
89.14185 77
89.15092 77
89.1459 
89.15390 67
89.18647 67
89.1906 
89.19857 68
89.194 
89.20202 120
89.2015 
89.20954 500
89.2109 
89.21894 150
89.2273 
89.23528 129
89.2438 
89.25182 21
89.2602 
89.26819 35
89.2767 
89.28466 -7
89.2938 
89.30177 83
89.3121 
89.32013 123
89.3261 
89.33412 67
89.3498 
89.35779 141
89.3587 
89.36674 500
89.3751 
89.38314 500
89.3942 
89.40224 100
89.4081 
89.41608 25
89.43291 25
89.44996 25
89.48412 25
89.49249 25
89.50538 25
89.51598 25
89.54093 25
89.55030 25
89.56702 25
89.58394 25
89.60228 25
89.61505 25
89.63329 25
89.64889 25
89.66292 25
89.68719 25
89.69539 25
89.71202 25
89.72840 25
89.74482 25
89.76154 25
89.79047 25
89.79415 25
89.81041 25
89.82692 25
89.84315 25
89.87724 25
89.88964 25
89.90882 25
89.92165 25
89.93141 25
89.94724 25
89.95975 25
89.97459 25
89.99110 25
90.00751 25
90.02400 25
90.04120 25
90.06129 25
90.07322 25
90.08967 25
90.10606 25
90.12257 25
90.13895 25
90.15787 25
90.17171 25
90.19332 25
90.20765 25
90.22110 25
90.23777 25
90.25429 25
90.27027 25
90.28777 25
90.30318 25
90.31960 25
90.34824 25
90.35268 25
90.3612 "STOP_EYETRACKER 200"
