572.27344 "START_RECORDING 100"
572.28992 "START_RECORDING 100"
572.30640 "START_RECORDING 100"
572.32269 "START_RECORDING 100"
572.33911 "START_RECORDING 100"
572.35553 "START_RECORDING 100"
572.37195 "START_RECORDING 100"
572.38843 "START_RECORDING 100"
572.40479 "START_RECORDING 100"
572.42133 "START_RECORDING 100"
572.43768 "START_RECORDING 100"
572.45416 "START_RECORDING 100"
572.47052 "START_RECORDING 100"
572.48700 "START_RECORDING 100"
572.50336 "START_RECORDING 100"
572.51978 "START_RECORDING 100"
572.53644 "START_RECORDING 100"
572.55273 "START_RECORDING 100"
572.56915 "START_RECORDING 100"
572.58557 "START_RECORDING 100"
572.60205 "START_RECORDING 100"
572.61841 "START_RECORDING 100"
572.63483 "START_RECORDING 100"
572.65125 "START_RECORDING 100"
572.66766 "START_RECORDING 100"
572.68427 "START_RECORDING 100"
572.70056 "START_RECORDING 100"
572.71710 "START_RECORDING 100"
572.73340 "START_RECORDING 100"
572.74988 "START_RECORDING 100"
572.76630 "START_RECORDING 100"
572.78271 "START_RECORDING 100"
572.79913 "START_RECORDING 100"
572.81555 "START_RECORDING 100"
572.85352 "START_RECORDING 100"
572.86090 "START_RECORDING 100"
572.86481 "START_RECORDING 100"
572.88123 "START_RECORDING 100"
572.90912 "START_RECORDING 100"
572.91919 "START_RECORDING 100"
572.93060 "START_RECORDING 100"
572.94696 "START_RECORDING 100"
572.96338 "START_RECORDING 100"
572.97980 "START_RECORDING 100"
573.00940 "START_RECORDING 100"
573.01270 "START_RECORDING 100"
573.02917 "START_RECORDING 100"
573.08093 "START_RECORDING 100"
573.10809 "START_RECORDING 100"
573.11096 "START_RECORDING 100"
573.11359 "START_RECORDING 100"
573.12781 "START_RECORDING 100"
573.14410 "START_RECORDING 100"
573.16058 "START_RECORDING 100"
573.17700 "START_RECORDING 100"
573.19342 "START_RECORDING 100"
573.20978 "START_RECORDING 100"
573.22626 "START_RECORDING 100"
573.2347 None
573.7958 None
573.80377 52
573.80908 52
573.81769 52
573.83417 52
573.8426 None
573.85059 51
573.8591 None
573.86713 50
573.88348 50
573.8919 None
573.89990 48
573.91626 48
573.93268 48
573.95465 48
573.9576 None
573.96558 49
573.974 None
573.98199 48
573.99841 48
574.01483 48
574.0232 None
574.03125 49
574.0397 None
574.04767 48
574.06421 48
574.0726 None
574.08057 49
574.10980 49
574.1054 None
574.11340 45
574.12988 45
574.14630 45
574.16272 45
574.17908 45
574.19562 45
574.21198 45
574.22845 45
574.24500 45
574.26129 45
574.27771 45
574.29413 45
574.31055 45
574.32697 45
574.34344 45
574.35980 45
574.37634 45
574.39270 45
574.40924 45
574.42548 45
574.44196 45
574.45844 45
574.47485 45
574.49127 45
574.50763 45
574.52411 45
574.54053 45
574.55701 45
574.57501 45
574.58984 45
574.60767 45
574.62262 45
574.63922 45
574.65570 45
574.67279 45
574.68854 45
574.70526 45
574.72131 45
574.73767 45
574.75415 45
574.77057 45
574.78705 45
574.80341 45
574.81989 45
574.83636 45
574.85291 45
574.86914 45
574.88550 45
574.90198 45
574.91840 45
574.93488 45
574.95129 45
574.96771 45
574.98425 45
575.00055 45
575.01703 45
575.03345 45
575.04980 45
575.06647 45
575.08289 45
575.09924 45
575.11560 45
575.13214 45
575.14850 45
575.16498 45
575.18127 45
575.19775 45
575.21417 45
575.23059 45
575.24701 45
575.26349 45
575.27985 45
575.29645 45
575.31268 45
575.32922 45
575.34558 45
575.36206 45
575.37842 45
575.387 None
575.39496 44
575.4032 None
575.41119 43
575.42773 43
575.4361 None
575.44409 42
575.4526 None
575.46057 45
575.469 None
575.47699 38
575.4854 None
575.49341 34
575.5019 None
575.50989 8
575.5182 None
575.52625 -5
575.5347 None
575.54272 -4
575.5512 None
575.55920 -28
575.5676 None
575.57556 -18
575.584 None
575.59204 -7
575.6005 None
575.60846 1
575.62488 1
575.64136 1
575.6498 None
575.65778 -2
575.6671 None
575.67505 0
575.6827 None
575.69067 10
575.70715 10
575.7155 None
575.72351 -12
575.7319 None
575.73993 -39
575.7484 None
575.75641 -50
575.7647 None
575.77271 -44
575.7813 None
575.78925 -1
575.7976 None
575.80560 -28
575.814 None
575.82202 -4
575.8305 None
575.83850 38
575.847 None
575.85498 500
575.8633 None
575.87128 500
575.8798 None
575.88782 500
575.90417 500
575.92072 500
575.9291 None
575.93713 70
575.9454 None
575.95337 -245
575.9618 None
575.96985 -373
575.9783 None
575.98633 -164
575.9947 None
576.00275 -51
576.0112 None
576.01917 115
576.0276 None
576.03558 500
576.044 None
576.05200 500
576.0605 None
576.06854 145
576.0768 None
576.08484 149
576.0933 None
576.10132 57
576.1097 None
576.11774 89
576.1262 None
576.13416 13
576.1426 None
576.15057 -23
576.16699 -23
576.18341 -23
576.192 None
576.20001 -35
576.2083 None
576.21631 -85
576.2249 None
576.23291 -221
576.2412 None
576.24921 -217
576.2577 None
576.26569 -253
576.274 None
576.28204 -323
576.2905 None
576.29852 -171
576.3068 None
576.31482 -233
576.3233 None
576.33130 -132
576.3398 None
576.34778 -218
576.3866 None
576.39465 83
576.4008 None
576.40875 34
576.4087 None
576.41675 9
576.4123 None
576.42029 24
576.4246 None
576.43256 -22
576.4418 None
576.44977 101
576.455 None
576.46301 96
576.4714 None
576.47943 112
576.4878 None
576.49579 500
576.5098 None
576.51776 122
576.5375 None
576.54553 3
576.55939 3
576.56274 3
576.58813 3
576.59570 3
576.62238 3
576.62750 3
576.65955 3
576.66833 3
576.67688 3
576.70441 3
576.7031 None
576.71112 -81
576.7399 None
576.74792 -28
576.7539 None
576.76190 -72
576.7598 None
576.76782 -2
576.79260 -2
576.7872 None
576.79517 -10
576.8053 None
576.81335 49
576.8162 None
576.82422 -12
576.858 None
576.86603 20
576.8611 None
576.86908 48
576.8846 None
576.89258 51
576.8917 None
576.89972 50
576.9046 None
576.91260 60
576.938 None
576.94604 150
576.9412 None
576.94922 500
576.9568 None
576.96484 500
576.9925 None
577.00055 500
577.00720 500
577.0024 None
577.01044 93
577.0152 None
577.02325 27
577.0447 None
577.05273 34
577.0817 None
577.08966 -33
577.0927 None
577.10071 6
577.0947 None
577.10266 -75
577.10541 -75
577.12103 -75
577.157 None
577.16498 11
577.1653 None
577.17328 0
577.1725 None
577.18048 38
577.20776 38
577.2051 None
577.21313 51
577.2106 None
577.21857 22
577.23505 22
577.26831 22
577.28583 22
577.2976 None
577.30560 -22
577.3058 None
577.31378 71
577.3125 None
577.32050 49
577.3275 None
577.33551 2
577.3476 None
577.35559 101
577.36755 101
577.3918 None
577.39978 73
577.3947 None
577.40271 69
577.4076 None
577.41559 57
577.4449 None
577.45294 48
577.4493 None
577.45728 -18
577.46625 -18
577.4901 None
577.49811 19
577.4941 None
577.50214 118
577.5095 None
577.51752 114
577.5278 None
577.53577 500
577.5401 None
577.54810 102
577.5555 None
577.56354 137
577.5735 None
577.58148 120
577.5897 None
577.59766 105
577.6047 None
577.61273 91
577.63403 91
577.6381 None
577.64606 9
577.6578 None
577.66583 36
577.6754 None
577.68341 86
577.6888 None
577.69684 75
577.71289 75
577.72839 75
577.74561 75
577.764 None
577.77203 57
577.7722 None
577.78021 105
577.7905 None
577.79846 500
577.8021 None
577.81006 500
577.8183 None
577.82629 500
577.8374 None
577.84540 500
577.858 None
577.86603 -227
577.8744 None
577.88239 -225
577.8841 None
577.89215 -196
577.9006 None
577.90857 -89
577.9169 None
577.92487 65
577.9338 None
577.94177 85
577.9501 None
577.95813 39
577.9663 None
577.97430 84
577.9828 None
577.99084 50
577.9991 None
578.00708 -5
578.0156 None
578.02356 -39
578.0344 None
578.04236 29
578.0579 None
578.06586 3
578.0655 None
578.07355 32
578.0959 None
578.10394 70
578.0991 None
578.10712 99
578.1142 None
578.12219 54
578.1403 None
578.14832 500
578.1472 None
578.15515 500
578.17755 500
578.1899 None
578.19788 500
578.20532 500
578.22174 500
578.23975 500
578.26672 500
578.2753 None
578.28333 500
578.2931 None
578.30115 500
578.3006 None
578.30865 500
578.31946 500
578.3278 None
578.33582 500
578.344 None
578.35205 500
578.3606 None
578.36859 500
578.3934 None
578.40143 500
578.4051 None
578.41309 132
578.4264 None
578.43445 136
578.4308 None
578.43884 119
578.4467 None
578.45471 51
578.4609 None
578.46893 57
578.4893 None
578.49731 102
578.4935 None
578.50146 75
578.5272 None
578.53516 68
578.5339 None
578.54193 53
578.547 None
578.55499 80
578.5588 None
578.56683 89
578.5761 None
578.58405 55
578.5915 None
578.59955 44
578.6142 None
578.62219 7
578.6235 None
578.63147 -5
578.6399 None
578.64789 37
578.6637 None
578.67169 10
578.6946 None
578.70264 -25
578.7475 None
578.75549 44
578.7611 None
578.76910 67
578.8033 None
578.81128 88
578.8062 None
578.81415 84
578.9019 None
578.90991 135
578.9068 None
578.91479 97
578.92285 97
578.93201 97
578.9362 None
578.94421 500
578.949 None
578.95703 146
578.9522 None
578.96021 55
578.96802 55
578.97418 55
578.9711 None
578.97913 100
579.00433 100
579.01672 100
579.0178 None
579.02576 139
579.04205 139
579.06665 139
579.08893 139
579.09735 139
579.10992 139
579.12714 139
579.14081 139
579.149 None
579.15704 117
579.1656 None
579.17358 34
579.1819 None
579.18994 6
579.1983 None
579.20630 8
579.2239 None
579.23187 23
579.2311 None
579.23914 71
579.2477 None
579.25574 22
579.2641 None
579.27209 33
579.2859 None
579.29388 53
579.3007 None
579.30872 45
579.32129 45
579.3297 None
579.33771 53
579.3638 None
579.37177 8
579.3668 None
579.37476 -70
579.4036 None
579.41162 -33
579.4075 None
579.41547 141
579.4122 None
579.42017 117
579.4943 None
579.50232 89
579.508 None
579.51605 -78
579.52429 -78
579.52838 -78
579.5254 None
579.53345 -103
579.53717 -103
579.5326 None
579.54065 13
579.5591 None
579.56708 18
579.5648 None
579.57281 22
579.604 None
579.61200 38
579.6211 None
579.62915 72
579.66113 72
579.67041 72
579.69366 72
579.72302 72
579.73969 72
579.74359 72
579.74670 72
579.75085 72
579.76532 72
579.78552 72
579.79993 72
579.83862 72
579.84436 72
579.85492 72
579.86591 72
579.88025 72
579.89648 72
579.93842 72
579.95013 72
579.95306 72
579.96472 72
579.97876 72
579.99536 72
580.02130 72
580.02771 72
580.04425 72
580.07031 72
580.07764 72
580.12347 72
580.13702 72
580.14081 72
580.14392 72
580.16516 72
580.18958 72
580.19293 72
580.23584 72
580.23901 72
580.24390 72
580.26477 72
580.27496 72
580.29633 72
580.31891 72
580.32599 72
580.34564 72
580.35632 72
580.37292 72
580.39154 72
580.40564 72
580.43646 72
580.45490 72
580.47137 72
580.48962 72
580.51703 72
580.53564 72
580.54431 72
580.54736 72
580.55457 72
580.58014 72
580.59052 72
580.60651 72
580.63000 72
580.63562 72
580.65204 72
580.70929 72
580.74200 72
580.76428 72
580.77460 72
580.77814 72
580.78076 72
580.78595 72
580.80005 72
580.81763 72
580.83307 72
580.84937 72
580.86572 72
580.88208 72
580.89893 72
580.91516 72
580.93127 72
580.94794 72
580.96417 72
580.98108 72
580.99731 72
581.01935 72
581.02997 72
581.04651 72
581.06299 72
581.07953 72
581.09552 72
581.11200 72
581.12878 72
581.14484 72
581.16205 72
581.17810 72
581.19421 72
581.21069 72
581.22711 72
581.24353 72
581.25995 72
581.27643 72
581.29315 72
581.30927 72
581.32562 72
581.34265 72
581.35852 72
581.37494 72
581.39545 72
581.41895 72
581.42816 72
581.44055 72
581.45728 72
581.47345 72
581.49030 72
581.50641 72
581.52277 72
581.53943 72
581.55573 72
581.57227 72
581.58856 72
581.60498 72
581.62152 72
581.65869 72
581.68237 72
581.69141 72
581.72742 72
581.73175 72
581.73749 72
581.74011 72
581.75275 72
581.76929 72
581.78607 72
581.80225 72
581.81848 72
581.85889 72
581.88763 72
581.89093 72
581.90063 72
581.97119 72
582.02911 72
582.05768 72
582.06036 72
582.06317 72
582.07648 72
582.08044 72
582.08582 72
582.09125 72
582.09796 72
582.11432 72
582.13062 72
582.14703 72
582.16357 72
582.17999 72
582.19781 72
582.21490 72
582.22913 72
582.24780 72
582.26373 72
582.27844 72
582.29523 72
582.31146 72
582.32782 72
582.34619 72
582.36066 72
582.37708 72
582.39362 72
582.41016 72
582.43640 72
582.44312 72
582.45935 72
582.47632 72
582.49219 72
582.50867 72
582.53278 72
582.54681 72
582.55804 72
582.57452 72
582.59070 72
582.60706 72
582.62463 72
582.64001 72
582.65631 72
582.67310 72
582.68921 72
582.70569 72
582.72540 72
582.73877 72
582.75549 72
582.77148 72
582.79065 72
582.80438 72
582.82062 72
582.83765 72
582.86578 72
582.88177 72
582.88647 72
582.90387 72
582.91949 72
582.93628 72
582.95819 72
582.96906 72
582.98499 72
583.00897 72
583.02557 72
583.04718 72
583.05066 72
583.06708 72
583.08362 72
583.10065 72
583.11633 72
583.14105 72
583.15735 72
583.16559 72
583.18201 72
583.19867 72
583.21503 72
583.23163 72
583.24774 72
583.26483 72
583.28070 72
583.29706 72
583.31384 72
583.33044 72
583.35016 72
583.36389 72
583.37946 72
583.39575 72
583.41248 72
583.42859 72
583.45978 72
583.46356 72
583.47778 72
583.49658 72
583.51074 72
583.52954 72
583.54376 72
583.56006 72
583.57629 72
583.59277 72
583.60931 72
583.62561 72
583.64203 72
583.65851 72
583.67493 72
583.69128 72
583.70825 72
583.72437 72
583.74084 72
583.75739 72
583.77344 72
583.79004 72
583.81091 72
583.82318 72
583.84967 72
583.86737 72
583.87250 72
583.88843 72
583.90546 72
583.92139 72
583.93793 72
583.95471 72
583.97064 72
583.98706 72
584.00360 72
584.02002 72
584.03656 72
584.05328 72
584.06927 72
584.08612 72
584.10266 72
584.11890 72
584.13489 72
584.15344 72
584.17365 72
584.18433 72
584.20087 72
584.21771 72
584.24292 72
584.26459 72
584.26776 72
584.28302 72
584.29938 72
584.31567 72
584.33221 72
584.34869 72
584.36560 72
584.38153 72
584.39777 72
584.41479 72
584.43073 72
584.44702 72
584.46350 72
584.47992 72
584.49670 72
584.51294 72
584.52954 72
584.54596 72
584.56732 72
584.57855 72
584.59491 72
584.61145 72
584.62781 72
584.64423 72
584.66083 72
584.67706 72
584.69354 72
584.71002 72
584.72638 72
584.74280 72
584.75958 72
584.77563 72
584.79297 72
584.80890 72
584.82501 72
584.85382 72
584.90936 72
584.9521 None
584.96014 36
584.9582 None
584.96619 58
584.9934 None
585.00140 72
584.9964 None
585.00439 40
585.01062 40
585.02032 40
585.0249 None
585.03290 44
585.0383 None
585.04633 60
585.0447 None
585.05273 -59
585.0477 None
585.05573 -10
585.0537 None
585.06171 -12
585.0635 None
585.07153 -10
585.0798 None
585.08777 0
585.0962 None
585.10419 60
585.1128 None
585.12085 4
585.1294 None
585.13739 19
585.1457 None
585.15375 73
585.1622 None
585.17017 68
585.1786 None
585.18658 71
585.1948 None
585.20276 -10
585.2113 None
585.21930 -12
585.2288 None
585.23682 -10
585.2441 None
585.25208 -87
585.261 None
585.26898 -70
585.2769 None
585.28491 -8
585.2934 None
585.30139 57
585.3098 None
585.31775 -14
585.3263 None
585.33429 -39
585.3426 None
585.35065 -51
585.3591 None
585.36713 -103
585.3755 None
585.38348 17
585.3921 None
585.40009 -11
585.4085 None
585.41650 64
585.43359 64
585.44934 64
585.47198 64
585.48419 64
585.50543 64
585.51489 64
585.53143 64
585.54779 64
585.56421 64
585.58282 64
585.59717 64
585.61395 64
585.63074 64
585.64636 64
585.66302 64
585.67944 64
585.69562 64
585.71210 64
585.72882 64
585.74548 64
585.76154 64
585.77802 64
585.79419 64
585.81073 64
585.82770 64
585.84357 64
585.86072 64
585.87646 64
585.89325 64
585.90985 64
585.92621 64
585.94501 64
585.98895 64
585.99731 64
586.00256 64
586.00781 64
586.02441 64
586.04108 64
586.05786 64
586.08081 64
586.0837 None
586.09167 40
586.0984 None
586.10645 69
586.115 None
586.12299 66
586.1315 None
586.13947 8
586.1737 None
586.18170 69
586.1761 None
586.18408 80
586.1817 None
586.18970 84
586.2021 None
586.21014 83
586.2134 None
586.22137 34
586.2302 None
586.23816 114
586.2462 None
586.25421 500
586.2677 None
586.27570 138
586.28705 138
586.2955 None
586.30347 500
586.312 None
586.32001 500
586.3287 None
586.33673 500
586.345 None
586.35303 80
586.3614 None
586.36938 32
586.3777 None
586.38568 -19
586.3947 None
586.40271 71
586.4106 None
586.41858 500
586.427 None
586.43500 500
586.4435 None
586.45148 137
586.4598 None
586.46777 104
586.4763 None
586.48431 128
586.50067 128
586.51715 128
586.53363 128
586.55011 128
586.56653 128
586.58289 128
586.59930 128
586.6078 None
586.61578 64
586.6245 None
586.63251 50
586.6409 None
586.64886 3
586.6576 None
586.66565 -68
586.6737 None
586.68170 -54
586.6899 None
586.69788 -44
586.7063 None
586.71429 -45
586.7227 None
586.73071 -216
586.7393 None
586.74731 -237
586.7555 None
586.76349 -236
586.7719 None
586.77991 -148
586.7885 None
586.79651 -75
586.8053 None
586.81335 -81
586.8213 None
586.82928 -74
586.8378 None
586.84576 -53
586.8564 None
586.86444 -87
586.871 None
586.87897 -83
586.8876 None
586.89563 44
586.9036 None
586.91156 75
586.9214 None
586.92938 41
586.9365 None
586.94446 8
586.96100 8
586.9699 None
586.97791 20
586.9855 None
586.99347 7
587.00989 7
587.02704 7
587.04309 7
587.05920 7
587.09229 7
587.10858 7
587.12494 7
587.1336 None
587.14160 -60
587.1501 None
587.15808 -6
587.1879 None
587.19586 43
587.1912 None
587.19922 108
587.20703 108
587.2155 None
587.22351 500
587.2322 None
587.24017 500
587.2483 None
587.25635 500
587.2797 None
587.28766 500
587.2904 None
587.29840 500
587.2977 None
587.30573 500
587.314 None
587.32202 500
587.3305 None
587.33850 500
587.347 None
587.35504 500
587.3635 None
587.37152 500
587.3799 None
587.38794 500
587.3962 None
587.40424 135
587.4128 None
587.42078 36
587.4292 None
587.43719 38
587.4455 None
587.45349 55
587.4619 None
587.46991 -17
587.4788 None
587.48676 -107
587.4988 None
587.50677 -135
587.5112 None
587.51917 -181
587.5276 None
587.53564 -199
587.55219 -199
587.56848 -199
587.58533 -199
587.60138 -199
587.61780 -199
587.6262 None
587.63422 -123
587.6428 None
587.65076 -36
587.659 None
587.66705 -27
587.6755 None
587.68347 55
587.693 None
587.70105 25
587.7083 None
587.71631 8
587.7249 None
587.73291 500
587.7413 None
587.74927 500
587.7578 None
587.76581 500
587.774 None
587.78204 -39
587.7906 None
587.79858 80
587.8085 None
587.81647 41
587.8234 None
587.83136 -23
587.8398 None
587.84784 -18
587.8566 None
587.86456 53
587.8727 None
587.88074 43
587.9242 None
587.93225 61
587.9578 None
587.96576 -21
588.019 None
588.02698 -41
588.023 None
588.03101 3
588.03711 3
588.04028 3
588.04364 3
588.04846 3
588.06146 3
588.07837 3
588.0866 None
588.09460 22
588.1028 None
588.11084 72
588.1191 None
588.12708 27
588.1355 None
588.14349 72
588.1523 None
588.16034 99
588.1686 None
588.17664 75
588.1851 None
588.19312 100
588.2013 None
588.20935 69
588.2176 None
588.22565 123
588.2341 None
588.24213 500
588.2507 None
588.25867 98
588.2698 None
588.27783 56
588.2834 None
588.29138 53
588.2997 None
588.30774 85
588.3162 None
588.32422 60
588.3327 None
588.34070 9
588.3492 None
588.35724 -42
588.3657 None
588.37366 48
588.3819 None
588.38989 500
588.3984 None
588.40643 500
588.4147 None
588.42273 500
588.4314 None
588.43939 500
588.4478 None
588.45581 -269
588.47217 -269
588.48920 -269
588.50488 -269
588.52142 -269
588.5297 None
588.53772 -258
588.5463 None
588.55426 -471
588.5627 None
588.57074 -389
588.5822 None
588.59021 -408
588.5958 None
588.60382 -325
588.6119 None
588.61993 -246
588.6285 None
588.63647 -17
588.6453 None
588.65326 77
588.6614 None
588.66937 38
588.678 None
588.68604 72
588.6946 None
588.70264 74
588.7105 None
588.71851 91
588.727 None
588.73505 27
588.7437 None
588.75171 19
588.7599 None
588.76794 106
588.7763 None
588.78430 59
588.7928 None
588.80078 27
588.8105 None
588.81854 38
588.8256 None
588.83356 66
588.8421 None
588.85010 71
588.8585 None
588.86652 41
588.8747 None
588.88275 124
588.8913 None
588.89935 72
588.9077 None
588.91571 90
588.9247 None
588.93268 87
588.94849 87
588.96808 87
588.9747 None
588.98273 82
588.9968 None
589.00482 109
589.0074 None
589.01538 33
589.0228 None
589.03082 54
589.04 None
589.04797 -6
589.0556 None
589.06360 69
589.0721 None
589.08014 20
589.0883 None
589.09631 27
589.1047 None
589.11273 18
589.1213 None
589.12933 12
589.1377 None
589.14575 81
589.1587 None
589.16669 21
589.1719 None
589.17987 33
589.1871 None
589.19507 83
589.2156 None
589.22357 84
589.2213 None
589.22931 21
589.2364 None
589.24445 83
589.2598 None
589.26776 17
589.27710 17
589.3 None
589.30798 72
589.3053 None
589.31335 101
589.3185 None
589.32654 96
589.335 None
589.34302 89
589.3601 None
589.36810 41
589.3679 None
589.37592 75
589.3843 None
589.39227 39
589.4009 None
589.40894 117
589.4171 None
589.42505 85
589.4334 None
589.44135 53
589.45782 53
589.47461 53
589.4827 None
589.49072 36
589.4994 None
589.50745 -10
589.5156 None
589.52356 6
589.5319 None
589.53992 56
589.5483 None
589.55634 59
589.5651 None
589.57306 114
589.5814 None
589.58936 84
589.5976 None
589.60565 128
589.6144 None
589.62244 70
589.6305 None
589.63849 88
589.6471 None
589.65509 49
589.6636 None
589.67163 500
589.6798 None
589.68781 114
589.6962 None
589.70422 500
589.7128 None
589.72076 136
589.7291 None
589.73712 128
589.7455 None
589.75354 29
589.7623 None
589.77026 77
589.7785 None
589.78650 6
589.7948 None
589.80280 -57
589.8112 None
589.81921 6
589.8276 None
589.83557 -5
589.8442 None
589.85217 64
589.8612 None
589.86920 119
589.8769 None
589.88489 87
589.90161 87
589.91803 87
589.9264 None
589.93439 84
589.943 None
589.95099 21
589.96 None
589.96802 11
589.9858 None
589.99384 66
589.9922 None
590.00024 97
590.0088 None
590.01678 72
590.0247 None
590.03271 102
590.0414 None
590.04944 90
590.0586 None
590.06659 500
590.0741 None
590.08215 500
590.0905 None
590.09851 500
590.1075 None
590.11554 500
590.1235 None
590.13153 -110
590.1398 None
590.14783 -293
590.1566 None
590.16461 -420
590.1732 None
590.18121 -385
590.1891 None
590.19714 -273
590.21356 -273
590.222 None
590.22998 -69
590.2386 None
590.24658 -40
590.2548 None
590.26282 37
590.2718 None
590.27979 26
590.2895 None
590.29749 1
590.3044 None
590.31244 45
590.3205 None
590.32849 104
590.337 None
590.34503 500
590.3533 None
590.36133 146
590.37817 146
590.39423 146
590.41064 146
590.4229 None
590.43091 144
590.4357 None
590.44366 125
590.4521 None
590.46008 97
590.4685 None
590.47650 52
590.485 None
590.49298 123
590.5012 None
590.50922 500
590.5179 None
590.52594 67
590.5342 None
590.54218 35
590.5506 None
590.55859 71
590.5671 None
590.57507 -5
590.5835 None
590.59155 76
590.60803 76
590.6162 None
590.62421 101
590.6327 None
590.64069 71
590.6492 None
590.65717 24
590.6672 None
590.67523 103
590.6825 None
590.69055 64
590.6984 None
590.70642 106
590.715 None
590.72302 118
590.7313 None
590.73926 90
590.7482 None
590.75623 68
590.7642 None
590.77216 60
590.7806 None
590.78864 83
590.7972 None
590.80518 -35
590.8136 None
590.82159 40
590.8299 None
590.83789 34
590.8469 None
590.85486 10
590.87140 10
590.88721 10
590.8962 None
590.90424 8
590.912 None
590.92004 7
590.9463 None
590.95428 28
590.996 None
591.00403 -1
591.0325 None
591.04047 35
591.0557 None
591.06366 -10
591.1308 None
591.13879 70
591.1371 None
591.14514 115
591.1398 None
591.14777 86
591.1544 None
591.16241 51
591.1593 None
591.16730 500
591.1772 None
591.18518 500
591.1807 None
591.18866 500
591.1838 None
591.19177 150
591.1913 None
591.19934 139
591.2078 None
591.21582 500
591.2324 None
591.24036 500
591.2441 None
591.25214 106
591.2571 None
591.26514 141
591.28 None
591.28802 89
591.2899 None
591.29785 54
591.3063 None
591.31433 72
591.3226 None
591.33063 52
591.3392 None
591.34717 500
591.3555 None
591.36346 500
591.3722 None
591.38019 99
591.3884 None
591.39636 83
591.4048 None
591.41284 26
591.4212 None
591.42920 128
591.44574 128
591.46210 128
591.4706 None
591.47858 37
591.4871 None
591.49512 108
591.5034 None
591.51141 77
591.52783 77
591.5362 None
591.54419 93
591.5527 None
591.56073 130
591.5692 None
591.57721 500
591.5856 None
591.59357 500
591.6021 None
591.61011 500
591.6184 None
591.62640 500
591.6349 None
591.64288 -13
591.6515 None
591.65955 -67
591.6677 None
591.67572 -222
591.6841 None
591.69214 -203
591.7006 None
591.70856 -222
591.717 None
591.72504 -181
591.7335 None
591.74152 -209
591.7499 None
591.75787 -233
591.7663 None
591.77429 -355
591.7853 None
591.79333 -418
591.7994 None
591.80743 -395
591.8158 None
591.82379 -374
591.8332 None
591.84125 -226
591.8483 None
591.85632 -114
591.8649 None
591.87286 -83
591.8816 None
591.88965 16
591.91241 16
591.92261 16
591.93915 16
591.95520 16
591.97144 16
591.9811 None
591.98914 6
591.9962 None
592.00421 105
592.0131 None
592.02106 500
592.0298 None
592.03784 144
592.0456 None
592.05359 124
592.0621 None
592.07013 139
592.0789 None
592.08691 85
592.095 None
592.10297 105
592.1119 None
592.11987 83
592.1279 None
592.13586 146
592.1443 None
592.15228 82
592.1605 None
592.16852 150
592.1772 None
592.18524 130
592.1936 None
592.20160 135
592.2099 None
592.21790 98
592.2264 None
592.23438 32
592.2428 None
592.25079 36
592.2593 None
592.26727 4
592.2756 None
592.28363 22
592.2921 None
592.30005 42
592.3087 None
592.31671 12
592.3348 None
592.34277 52
592.342 None
592.34998 -3
592.3577 None
592.36572 52
592.3741 None
592.38214 72
592.39874 72
592.41504 72
592.43140 72
592.44800 72
592.46436 72
592.48065 72
592.4892 None
592.49725 117
592.5078 None
592.51581 66
592.5222 None
592.53015 92
592.5389 None
592.54688 44
592.5549 None
592.56287 -9
592.5713 None
592.57935 25
592.5893 None
592.59735 64
592.6042 None
592.61218 52
592.6206 None
592.62860 36
592.6378 None
592.64581 137
592.6534 None
592.66144 93
592.6698 None
592.67780 84
592.6862 None
592.69421 26
592.7026 None
592.71063 5
592.7196 None
592.72760 36
592.7357 None
592.74371 -19
592.7519 None
592.75995 -53
592.7686 None
592.77655 16
592.7907 None
592.79871 18
592.8044 None
592.81244 16
592.8179 None
592.82587 24
592.8344 None
592.84241 -21
592.8506 None
592.85864 24
592.8671 None
592.87506 -3
592.8845 None
592.89246 42
592.9003 None
592.90833 93
592.9167 None
592.92474 7
592.9332 None
592.94122 38
592.9496 None
592.95764 44
592.9657 None
592.97369 24
592.9825 None
592.99054 57
593.00739 57
593.02478 57
593.04175 57
593.05591 57
593.07227 57
593.08868 57
593.0982 None
593.10620 90
593.1175 None
593.12549 101
593.1298 None
593.13782 71
593.1463 None
593.15430 118
593.1628 None
593.17078 87
593.1874 None
593.19537 67
593.1982 None
593.20624 25
593.212 None
593.22003 1
593.2287 None
593.23669 81
593.2448 None
593.25281 128
593.2618 None
593.26984 51
593.2776 None
593.28558 37
593.2944 None
593.30237 16
593.3106 None
593.31860 -6
593.3311 None
593.33905 71
593.3436 None
593.35156 -14
593.3598 None
593.36780 9
593.3763 None
593.38434 500
593.3931 None
593.40106 500
593.4092 None
593.41718 500
593.4256 None
593.43359 500
593.442 None
593.45001 -9
593.4585 None
593.46649 -187
593.475 None
593.48297 -419
593.4913 None
593.49927 -458
593.51569 -458
593.53223 -458
593.541 None
593.54901 -502
593.557 None
593.56500 -467
593.5735 None
593.58148 -593
593.59 None
593.59796 -442
593.6064 None
593.61438 -205
593.6229 None
593.63086 -188
593.6393 None
593.64728 -81
593.6557 None
593.66370 -65
593.6721 None
593.68005 87
593.6885 None
593.69647 53
593.7048 None
593.71283 120
593.7212 None
593.72925 500
593.7378 None
593.74585 500
593.7543 None
593.76227 500
593.7706 None
593.77856 500
593.787 None
593.79504 500
593.8035 None
593.81146 130
593.8199 None
593.82794 136
593.8362 None
593.84424 131
593.8527 None
593.86072 65
593.8694 None
593.87744 40
593.8857 None
593.89368 57
593.9021 None
593.91010 49
593.9886 None
593.99658 91
594.0219 None
594.02991 67
594.1226 None
594.13062 68
594.1562 None
594.16418 23
594.1589 None
594.16687 5
594.1813 None
594.18927 -1
594.1979 None
594.20593 55
594.2143 None
594.22229 112
594.231 None
594.23895 107
594.2471 None
594.25507 146
594.2636 None
594.27155 53
594.2798 None
594.28784 66
594.2964 None
594.30438 3
594.3129 None
594.32086 88
594.3292 None
594.33722 9
594.3455 None
594.35352 35
594.3621 None
594.37012 1
594.3783 None
594.38635 40
594.3948 None
594.40283 13
594.4114 None
594.41937 44
594.4277 None
594.43573 71
594.4441 None
594.45215 34
594.4606 None
594.46863 32
594.477 None
594.48499 85
594.4934 None
594.50140 99
594.5099 None
594.51794 130
594.5271 None
594.53510 500
594.5428 None
594.55078 122
594.56805 122
594.58374 122
594.60004 122
594.6085 None
594.61646 98
594.6249 None
594.63293 134
594.6413 None
594.64929 116
594.6702 None
594.67816 131
594.6741 None
594.68213 500
594.6905 None
594.69855 500
594.7071 None
594.71509 500
594.7238 None
594.73181 500
594.74 None
594.74799 500
594.7646 None
594.77264 500
594.78088 500
594.7892 None
594.79718 500
594.8059 None
594.81390 -85
594.8221 None
594.83014 -77
594.8387 None
594.84668 -156
594.8587 None
594.86670 -184
594.8715 None
594.87946 -124
594.8881 None
594.89612 -137
594.9043 None
594.91229 -118
594.9206 None
594.92865 -198
594.9371 None
594.94507 -307
594.9535 None
594.96155 -406
594.9699 None
594.97791 -391
594.9864 None
594.99445 -263
595.0031 None
595.01111 -154
595.0192 None
595.02716 -84
595.0357 None
595.04370 -8
595.0524 None
595.06036 86
595.0685 None
595.07654 59
595.0851 None
595.09308 136
595.1013 None
595.10931 115
595.12744 115
595.14233 115
595.16162 115
595.17499 115
595.19153 115
595.20831 115
595.22473 115
595.2327 None
595.24066 74
595.2493 None
595.25726 101
595.266 None
595.27405 117
595.2822 None
595.29016 90
595.2985 None
595.30652 500
595.315 None
595.32300 115
595.3314 None
595.33942 500
595.3481 None
595.35614 500
595.365 None
595.37299 138
595.3805 None
595.38849 87
595.40503 87
595.4139 None
595.42194 76
595.4302 None
595.43823 73
595.4463 None
595.45428 107
595.4628 None
595.47076 138
595.4792 None
595.48724 112
595.4958 None
595.50378 500
595.5121 None
595.52008 41
595.5284 None
595.53638 52
595.545 None
595.55298 87
595.5627 None
595.57074 92
595.5777 None
595.58575 48
595.5941 None
595.60211 85
595.6106 None
595.61859 49
595.63513 49
595.6437 None
595.65173 -42
595.6608 None
595.66876 38
595.6762 None
595.68420 -18
595.6927 None
595.70074 -28
595.71722 -28
595.73370 -28
595.75006 -28
595.7605 None
595.76849 -51
595.775 None
595.78296 38
595.7931 None
595.80115 100
595.8077 None
595.81573 -24
595.8246 None
595.83258 4
595.8406 None
595.84863 38
595.8572 None
595.86517 74
595.8736 None
595.88165 96
595.8903 None
595.89832 102
595.9063 None
595.91425 88
595.923 None
595.93097 44
595.9392 None
595.94720 72
595.9556 None
595.96356 70
595.9731 None
595.98114 19
595.9883 None
595.99634 36
596.0059 None
596.01385 40
596.0224 None
596.03040 118
596.0376 None
596.04565 57
596.0543 None
596.06232 51
596.0707 None
596.07874 -19
596.0871 None
596.09515 42
596.1036 None
596.11157 60
596.1205 None
596.12854 103
596.1382 None
596.14624 124
596.153 None
596.16101 74
596.1694 None
596.17737 43
596.19403 43
596.20990 43
596.22693 43
596.2359 None
596.24390 2
596.2589 None
596.26691 8
596.286 None
596.29401 9
596.325 None
596.33301 -29
596.3297 None
596.33765 18
596.3353 None
596.34332 43
596.3386 None
596.34662 23
596.35 None
596.35803 -20
596.3672 None
596.37518 73
596.3827 None
596.39069 54
596.3992 None
596.40717 51
596.4156 None
596.42358 65
596.4322 None
596.44019 61
596.4496 None
596.45764 38
596.47284 38
596.4816 None
596.48962 22
596.4978 None
596.50580 25
596.5143 None
596.52228 57
596.5308 None
596.53876 17
596.547 None
596.55499 12
596.5636 None
596.57159 58
596.5799 None
596.58789 56
596.5963 None
596.60431 100
596.6131 None
596.62115 18
596.6291 None
596.63715 74
596.6456 None
596.65363 55
596.6621 None
596.67010 97
596.6786 None
596.68658 500
596.6951 None
596.70306 500
596.7183 None
596.72632 500
596.7278 None
596.73578 500
596.7444 None
596.75238 500
596.7607 None
596.76868 500
596.7772 None
596.78522 -50
596.7935 None
596.80145 -185
596.8099 None
596.81787 -167
596.8263 None
596.83435 -196
596.8427 None
596.85071 -120
596.86841 -120
596.88373 -120
596.90002 -120
596.91644 -120
596.9249 None
596.93292 -104
596.9413 None
596.94928 -91
596.958 None
596.96600 -72
596.9759 None
596.98389 -88
596.9949 None
597.00293 24
597.0071 None
597.01508 -3
597.0237 None
597.03174 41
597.0514 None
597.05945 6
597.0574 None
597.06543 1
597.0762 None
597.08417 7
597.0892 None
597.09717 -29
597.1058 None
597.11383 43
597.1221 None
597.13007 56
597.1384 None
597.14636 500
597.155 None
597.16296 112
597.1714 None
597.17944 500
597.1879 None
597.19586 500
597.2043 None
597.21228 500
597.2234 None
597.23138 500
597.24591 500
597.2534 None
597.26141 500
597.2699 None
597.27795 146
597.2862 None
597.29425 8
597.3027 None
597.31073 -27
597.3194 None
597.32745 -181
597.3454 None
597.35339 -185
597.3524 None
597.36041 -301
597.3685 None
597.37646 -337
597.3848 None
597.39282 -358
597.4012 None
597.40924 -434
597.4178 None
597.42584 -396
597.4344 None
597.44238 -328
597.45923 -328
597.48407 -328
597.49139 -328
597.50793 -328
597.5162 None
597.52423 -329
597.55786 -329
597.577 None
597.58502 -131
597.5801 None
597.58813 -67
597.5842 None
597.59222 102
597.5984 None
597.60645 54
597.615 None
597.62299 104
597.6316 None
597.63959 500
597.6481 None
597.65613 500
597.6646 None
597.67261 147
597.6809 None
597.68890 132
597.697 None
597.70502 500
597.7134 None
597.72144 150
597.7302 None
597.73822 125
597.7547 None
597.76270 145
597.7659 None
597.77393 500
597.7793 None
597.78729 500
597.7956 None
597.80365 500
597.812 None
597.82001 84
597.8285 None
597.83655 25
597.8453 None
597.85327 106
597.8614 None
597.86938 69
597.8778 None
597.88580 122
597.8942 None
597.90222 60
597.9111 None
597.91907 71
597.9269 None
597.93494 38
597.9443 None
597.95233 1
597.9605 None
597.96851 139
597.9764 None
597.98444 130
597.9932 None
598.00122 91
598.0093 None
598.01733 42
598.0256 None
598.03363 65
598.0422 None
598.05017 60
598.06647 60
598.08423 60
598.11200 60
598.11768 60
598.13220 60
598.14874 60
598.1573 None
598.16528 11
598.1735 None
598.18152 -19
598.19 None
598.19800 19
598.2062 None
598.21423 57
598.2227 None
598.23071 53
598.2402 None
598.24823 40
598.2557 None
598.26367 101
598.272 None
598.27997 145
598.2887 None
598.29669 84
598.3048 None
598.31281 33
598.3213 None
598.32928 48
598.3377 None
598.34570 60
598.36285 60
598.3986 None
598.40656 38
598.4014 None
598.40936 54
598.4042 None
598.41217 89
598.42 None
598.42798 39
598.4406 None
598.44861 99
598.4528 None
598.46082 81
598.4692 None
598.47723 114
598.4984 None
598.50641 70
598.502 None
598.51001 44
598.5184 None
598.52637 56
598.5432 None
598.55121 28
598.576 None
598.58398 74
598.5978 None
598.60577 7
598.6005 None
598.60852 83
598.6037 None
598.61169 45
598.6172 None
598.62524 89
598.6334 None
598.64136 35
598.65 None
598.65796 32
598.6924 None
598.70038 37
598.71112 37
598.71271 37
598.72363 37
598.75812 37
598.7768 None
598.78479 59
598.7812 None
598.78918 -29
598.79 None
598.79797 54
598.8044 None
598.81238 3
598.8326 None
598.84058 -3
598.8373 None
598.84534 9
598.847 None
598.85498 69
598.866 None
598.87402 42
598.8799 None
598.88794 10
598.8974 None
598.90540 40
598.919 None
598.92700 22
598.9292 None
598.93719 105
598.9459 None
598.95386 140
598.9888 None
598.99683 76
599.0038 None
599.01178 -6
599.0066 None
599.01459 -5
599.01935 -5
599.03571 -5
599.0445 None
599.05255 55
599.0732 None
599.08124 32
599.0965 None
599.10449 38
599.0992 None
599.10724 42
599.1102 None
599.11816 75
599.1269 None
599.13489 70
599.1453 None
599.15332 45
599.1597 None
599.16772 96
599.1756 None
599.18365 68
599.1998 None
599.20776 102
599.2084 None
599.21643 -38
599.2249 None
599.23291 37
599.24945 37
599.29205 37
599.3003 None
599.30829 100
599.3137 None
599.32172 67
599.3205 None
599.32849 99
599.3239 None
599.33191 117
599.3398 None
599.34784 500
599.3617 None
599.36969 500
599.373 None
599.38104 81
599.3891 None
599.39709 87
599.4072 None
599.41516 102
599.4284 None
599.43640 9
599.4384 None
599.44641 76
599.455 None
599.46301 64
599.4715 None
599.47949 50
599.4991 None
599.50708 26
599.5041 None
599.51208 11
599.5208 None
599.52881 26
599.5372 None
599.54523 10
599.5545 None
599.56250 500
599.5887 None
599.59674 500
599.62976 500
599.6287 None
599.63672 148
599.6333 None
599.64130 13
599.6416 None
599.64960 -133
599.66907 -133
599.6685 None
599.67651 -291
599.6851 None
599.69312 -379
599.7015 None
599.70947 -262
599.7177 None
599.72571 -323
599.7342 None
599.74219 -275
599.7507 None
599.75867 -74
599.767 None
599.77502 -121
599.79144 -121
599.82379 -121
599.82599 -121
599.84082 -121
599.8594 None
599.86737 -131
599.8819 None
599.88989 -118
599.8918 None
599.89978 -54
599.918 None
599.92603 -41
599.9422 None
599.95020 57
600.0071 None
600.01514 54
600.0534 None
600.06140 70
600.0803 None
600.08826 114
600.1407 None
600.14868 102
600.1606 None
600.16864 61
600.1917 None
600.19971 102
600.21381 102
600.2103 None
600.21832 85
600.231 None
600.23901 67
600.2347 None
600.24268 130
600.2377 None
600.24567 123
600.24823 123
600.2434 None
600.25140 106
600.2638 None
600.27185 70
600.2828 None
600.29077 141
600.2927 None
600.30072 131
600.318 None
600.32599 103
600.3267 None
600.33472 70
600.3421 None
600.35010 29
600.3584 None
600.36639 25
600.3749 None
600.38293 23
600.3913 None
600.39935 -1
600.4272 None
600.43518 -7
600.431 None
600.43896 99
600.4406 None
600.44861 28
600.457 None
600.46503 32
600.4735 None
600.48151 66
600.5071 None
600.51508 19
600.52710 19
600.53076 19
600.54730 19
600.5555 None
600.56354 39
600.572 None
600.58002 -58
600.5911 None
600.59906 45
600.6176 None
600.62561 87
600.6345 None
600.64252 91
600.6567 None
600.66467 77
600.6604 None
600.66840 32
600.6707 None
600.67871 27
600.6871 None
600.69507 145
600.7125 None
600.72052 25
600.7244 None
600.73242 101
600.7446 None
600.75256 86
600.7669 None
600.77490 18
600.7705 None
600.77850 27
600.7857 None
600.79370 -44
600.8021 None
600.81012 64
600.8227 None
600.83075 59
600.8349 None
600.84290 35
600.8513 None
600.85931 80
600.8678 None
600.87579 131
600.8843 None
600.89227 134
600.917 None
600.92499 500
600.9205 None
600.92847 500
600.9334 None
600.94141 500
600.9498 None
600.95782 500
600.9902 None
600.99823 89
601.0249 None
601.03290 -131
601.032 None
601.03998 -310
601.04279 -310
601.05652 -310
601.07300 -310
601.10687 -310
601.1166 None
601.12457 -337
601.1199 None
601.12787 -372
601.1327 None
601.14075 -394
601.1479 None
601.15594 -253
601.1655 None
601.17352 -219
601.1804 None
601.18842 -184
601.23132 -184
601.227 None
601.23499 -57
601.2318 None
601.23981 -60
601.25366 -60
601.2643 None
601.27234 4
601.2784 None
601.28644 27
601.2951 None
601.30310 21
601.3115 None
601.31946 60
601.332 None
601.33997 137
601.3442 None
601.35223 114
601.3606 None
601.36859 500
601.3801 None
601.38806 73
601.4058 None
601.41382 144
601.4099 None
601.41785 58
601.432 None
601.44000 -14
601.4427 None
601.45074 72
601.4593 None
601.46729 106
601.476 None
601.48401 91
601.503 None
601.51099 97
601.5209 None
601.52887 41
601.5272 None
601.53522 6
601.5414 None
601.54938 52
601.5577 None
601.56567 57
601.5748 None
601.58276 49
601.61304 49
601.62860 49
601.64069 49
601.64795 49
601.66425 49
601.68066 49
601.7166 "STOP_EYETRACKER 200"
